K 0 2 2 1 M 0 2 2 1 0 0 0 0 2 2 1 0 0 M 
0 1 1 0 0 0 0 1 0 0 1 M 1 0 1 0 0 0 1 0 
0 2 2 1 2 1 0 0 1 0 2 1 1 0 1 0 1 0 0 0 
0 1 1 0 2 0 1 0 0 1 2 0 0 0 1 0 0 M 1 0 
0 0 M 1 2 1 2 1 0 0 1 1 1 0 0 M 0 2 2 1
0 1 1 0 0 0 0 2 1 0 0 2 2 2 1 0 0 1 2 2 
0 2 2 M 0 1 0 1 0 1 0 1 1 2 1 0 1 0 0 0 
0 1 1 0 1 0 0 0 0 2 0 2 2 2 M 0 1 2 1 M
0 2 0 0 0 M 1 0 0 1 0 1 2 1 0 1 0 0 0 0 
1 0 1 2 1 0 0 M 0 1 0 0 2 1 0 0 0 1 0 0 
0 0 0 0 0 0 1 0 0 1 1 M 1 1 0 0 1 2 0 0 
0 1 2 1 2 0 1 2 1 1 2 0 0 1 0 1 0 2 1 2
0 0 1 M 1 0 2 0 0 1 2 1 0 1 0 0 M 2 1 M
M 2 1 2 1 M 1 0 1 0 0 0 0 1 2 1 1 2 0 1
0 0 0 0 0 2 1 0 0 0 0 1 0 0 0 2 2 1 0 P